title:healclip incandescent

// Heliocentric QSc - pls (god-pve)
//notes: just drop tags:god-pve
dimwishlist:item=3998080529&perks=839105230,3142289711,3017780555,4293542123,2509860981
dimwishlist:item=3998080529&perks=839105230,3142289711,3017780555,2675184851,2509860981
dimwishlist:item=3998080529&perks=839105230,3142289711,4223976499,4293542123,2509860981
dimwishlist:item=3998080529&perks=839105230,3142289711,4223976499,2675184851,2509860981
dimwishlist:item=3998080529&perks=839105230,1087426260,3017780555,4293542123,2509860981
dimwishlist:item=3998080529&perks=839105230,1087426260,3017780555,2675184851,2509860981
dimwishlist:item=3998080529&perks=839105230,1087426260,4223976499,4293542123,2509860981
dimwishlist:item=3998080529&perks=839105230,1087426260,4223976499,2675184851,2509860981
dimwishlist:item=3998080529&perks=839105230,106909392,3017780555,4293542123,2509860981
dimwishlist:item=3998080529&perks=839105230,106909392,3017780555,2675184851,2509860981
dimwishlist:item=3998080529&perks=839105230,106909392,4223976499,4293542123,2509860981
dimwishlist:item=3998080529&perks=839105230,106909392,4223976499,2675184851,2509860981
dimwishlist:item=3998080529&perks=839105230,2420895100,3017780555,4293542123,2509860981
dimwishlist:item=3998080529&perks=839105230,2420895100,3017780555,2675184851,2509860981
dimwishlist:item=3998080529&perks=839105230,2420895100,4223976499,4293542123,2509860981
dimwishlist:item=3998080529&perks=839105230,2420895100,4223976499,2675184851,2509860981
dimwishlist:item=3998080529&perks=839105230,3177308360,3017780555,4293542123,2509860981
dimwishlist:item=3998080529&perks=839105230,3177308360,3017780555,2675184851,2509860981
dimwishlist:item=3998080529&perks=839105230,3177308360,4223976499,4293542123,2509860981
dimwishlist:item=3998080529&perks=839105230,3177308360,4223976499,2675184851,2509860981
dimwishlist:item=3998080529&perks=839105230,1431678320,3017780555,4293542123,2509860981
dimwishlist:item=3998080529&perks=839105230,1431678320,3017780555,2675184851,2509860981
dimwishlist:item=3998080529&perks=839105230,1431678320,4223976499,4293542123,2509860981
dimwishlist:item=3998080529&perks=839105230,1431678320,4223976499,2675184851,2509860981
dimwishlist:item=3998080529&perks=839105230,3230963543,3017780555,4293542123,2509860981
dimwishlist:item=3998080529&perks=839105230,3230963543,3017780555,2675184851,2509860981
dimwishlist:item=3998080529&perks=839105230,3230963543,4223976499,4293542123,2509860981
dimwishlist:item=3998080529&perks=839105230,3230963543,4223976499,2675184851,2509860981
dimwishlist:item=3998080529&perks=3661387068,3142289711,3017780555,4293542123,2509860981
dimwishlist:item=3998080529&perks=3661387068,3142289711,3017780555,2675184851,2509860981
dimwishlist:item=3998080529&perks=3661387068,3142289711,4223976499,4293542123,2509860981
dimwishlist:item=3998080529&perks=3661387068,3142289711,4223976499,2675184851,2509860981
dimwishlist:item=3998080529&perks=3661387068,1087426260,3017780555,4293542123,2509860981
dimwishlist:item=3998080529&perks=3661387068,1087426260,3017780555,2675184851,2509860981
dimwishlist:item=3998080529&perks=3661387068,1087426260,4223976499,4293542123,2509860981
dimwishlist:item=3998080529&perks=3661387068,1087426260,4223976499,2675184851,2509860981
dimwishlist:item=3998080529&perks=3661387068,106909392,3017780555,4293542123,2509860981
dimwishlist:item=3998080529&perks=3661387068,106909392,3017780555,2675184851,2509860981
dimwishlist:item=3998080529&perks=3661387068,106909392,4223976499,4293542123,2509860981
dimwishlist:item=3998080529&perks=3661387068,106909392,4223976499,2675184851,2509860981
dimwishlist:item=3998080529&perks=3661387068,2420895100,3017780555,4293542123,2509860981
dimwishlist:item=3998080529&perks=3661387068,2420895100,3017780555,2675184851,2509860981
dimwishlist:item=3998080529&perks=3661387068,2420895100,4223976499,4293542123,2509860981
dimwishlist:item=3998080529&perks=3661387068,2420895100,4223976499,2675184851,2509860981
dimwishlist:item=3998080529&perks=3661387068,3177308360,3017780555,4293542123,2509860981
dimwishlist:item=3998080529&perks=3661387068,3177308360,3017780555,2675184851,2509860981
dimwishlist:item=3998080529&perks=3661387068,3177308360,4223976499,4293542123,2509860981
dimwishlist:item=3998080529&perks=3661387068,3177308360,4223976499,2675184851,2509860981
dimwishlist:item=3998080529&perks=3661387068,1431678320,3017780555,4293542123,2509860981
dimwishlist:item=3998080529&perks=3661387068,1431678320,3017780555,2675184851,2509860981
dimwishlist:item=3998080529&perks=3661387068,1431678320,4223976499,4293542123,2509860981
dimwishlist:item=3998080529&perks=3661387068,1431678320,4223976499,2675184851,2509860981
dimwishlist:item=3998080529&perks=3661387068,3230963543,3017780555,4293542123,2509860981
dimwishlist:item=3998080529&perks=3661387068,3230963543,3017780555,2675184851,2509860981
dimwishlist:item=3998080529&perks=3661387068,3230963543,4223976499,4293542123,2509860981
dimwishlist:item=3998080529&perks=3661387068,3230963543,4223976499,2675184851,2509860981
dimwishlist:item=3998080529&perks=4090651448,3142289711,3017780555,4293542123,2509860981
dimwishlist:item=3998080529&perks=4090651448,3142289711,3017780555,2675184851,2509860981
dimwishlist:item=3998080529&perks=4090651448,3142289711,4223976499,4293542123,2509860981
dimwishlist:item=3998080529&perks=4090651448,3142289711,4223976499,2675184851,2509860981
dimwishlist:item=3998080529&perks=4090651448,1087426260,3017780555,4293542123,2509860981
dimwishlist:item=3998080529&perks=4090651448,1087426260,3017780555,2675184851,2509860981
dimwishlist:item=3998080529&perks=4090651448,1087426260,4223976499,4293542123,2509860981
dimwishlist:item=3998080529&perks=4090651448,1087426260,4223976499,2675184851,2509860981
dimwishlist:item=3998080529&perks=4090651448,106909392,3017780555,4293542123,2509860981
dimwishlist:item=3998080529&perks=4090651448,106909392,3017780555,2675184851,2509860981
dimwishlist:item=3998080529&perks=4090651448,106909392,4223976499,4293542123,2509860981
dimwishlist:item=3998080529&perks=4090651448,106909392,4223976499,2675184851,2509860981
dimwishlist:item=3998080529&perks=4090651448,2420895100,3017780555,4293542123,2509860981
dimwishlist:item=3998080529&perks=4090651448,2420895100,3017780555,2675184851,2509860981
dimwishlist:item=3998080529&perks=4090651448,2420895100,4223976499,4293542123,2509860981
dimwishlist:item=3998080529&perks=4090651448,2420895100,4223976499,2675184851,2509860981
dimwishlist:item=3998080529&perks=4090651448,3177308360,3017780555,4293542123,2509860981
dimwishlist:item=3998080529&perks=4090651448,3177308360,3017780555,2675184851,2509860981
dimwishlist:item=3998080529&perks=4090651448,3177308360,4223976499,4293542123,2509860981
dimwishlist:item=3998080529&perks=4090651448,3177308360,4223976499,2675184851,2509860981
dimwishlist:item=3998080529&perks=4090651448,1431678320,3017780555,4293542123,2509860981
dimwishlist:item=3998080529&perks=4090651448,1431678320,3017780555,2675184851,2509860981
dimwishlist:item=3998080529&perks=4090651448,1431678320,4223976499,4293542123,2509860981
dimwishlist:item=3998080529&perks=4090651448,1431678320,4223976499,2675184851,2509860981
dimwishlist:item=3998080529&perks=4090651448,3230963543,3017780555,4293542123,2509860981
dimwishlist:item=3998080529&perks=4090651448,3230963543,3017780555,2675184851,2509860981
dimwishlist:item=3998080529&perks=4090651448,3230963543,4223976499,4293542123,2509860981
dimwishlist:item=3998080529&perks=4090651448,3230963543,4223976499,2675184851,2509860981
dimwishlist:item=3998080529&perks=1467527085,3142289711,3017780555,4293542123,2509860981
dimwishlist:item=3998080529&perks=1467527085,3142289711,3017780555,2675184851,2509860981
dimwishlist:item=3998080529&perks=1467527085,3142289711,4223976499,4293542123,2509860981
dimwishlist:item=3998080529&perks=1467527085,3142289711,4223976499,2675184851,2509860981
dimwishlist:item=3998080529&perks=1467527085,1087426260,3017780555,4293542123,2509860981
dimwishlist:item=3998080529&perks=1467527085,1087426260,3017780555,2675184851,2509860981
dimwishlist:item=3998080529&perks=1467527085,1087426260,4223976499,4293542123,2509860981
dimwishlist:item=3998080529&perks=1467527085,1087426260,4223976499,2675184851,2509860981
dimwishlist:item=3998080529&perks=1467527085,106909392,3017780555,4293542123,2509860981
dimwishlist:item=3998080529&perks=1467527085,106909392,3017780555,2675184851,2509860981
dimwishlist:item=3998080529&perks=1467527085,106909392,4223976499,4293542123,2509860981
dimwishlist:item=3998080529&perks=1467527085,106909392,4223976499,2675184851,2509860981
dimwishlist:item=3998080529&perks=1467527085,2420895100,3017780555,4293542123,2509860981
dimwishlist:item=3998080529&perks=1467527085,2420895100,3017780555,2675184851,2509860981
dimwishlist:item=3998080529&perks=1467527085,2420895100,4223976499,4293542123,2509860981
dimwishlist:item=3998080529&perks=1467527085,2420895100,4223976499,2675184851,2509860981
dimwishlist:item=3998080529&perks=1467527085,3177308360,3017780555,4293542123,2509860981
dimwishlist:item=3998080529&perks=1467527085,3177308360,3017780555,2675184851,2509860981
dimwishlist:item=3998080529&perks=1467527085,3177308360,4223976499,4293542123,2509860981
dimwishlist:item=3998080529&perks=1467527085,3177308360,4223976499,2675184851,2509860981
dimwishlist:item=3998080529&perks=1467527085,1431678320,3017780555,4293542123,2509860981
dimwishlist:item=3998080529&perks=1467527085,1431678320,3017780555,2675184851,2509860981
dimwishlist:item=3998080529&perks=1467527085,1431678320,4223976499,4293542123,2509860981
dimwishlist:item=3998080529&perks=1467527085,1431678320,4223976499,2675184851,2509860981
dimwishlist:item=3998080529&perks=1467527085,3230963543,3017780555,4293542123,2509860981
dimwishlist:item=3998080529&perks=1467527085,3230963543,3017780555,2675184851,2509860981
dimwishlist:item=3998080529&perks=1467527085,3230963543,4223976499,4293542123,2509860981
dimwishlist:item=3998080529&perks=1467527085,3230963543,4223976499,2675184851,2509860981
dimwishlist:item=3998080529&perks=1840239774,3142289711,3017780555,4293542123,2509860981
dimwishlist:item=3998080529&perks=1840239774,3142289711,3017780555,2675184851,2509860981
dimwishlist:item=3998080529&perks=1840239774,3142289711,4223976499,4293542123,2509860981
dimwishlist:item=3998080529&perks=1840239774,3142289711,4223976499,2675184851,2509860981
dimwishlist:item=3998080529&perks=1840239774,1087426260,3017780555,4293542123,2509860981
dimwishlist:item=3998080529&perks=1840239774,1087426260,3017780555,2675184851,2509860981
dimwishlist:item=3998080529&perks=1840239774,1087426260,4223976499,4293542123,2509860981
dimwishlist:item=3998080529&perks=1840239774,1087426260,4223976499,2675184851,2509860981
dimwishlist:item=3998080529&perks=1840239774,106909392,3017780555,4293542123,2509860981
dimwishlist:item=3998080529&perks=1840239774,106909392,3017780555,2675184851,2509860981
dimwishlist:item=3998080529&perks=1840239774,106909392,4223976499,4293542123,2509860981
dimwishlist:item=3998080529&perks=1840239774,106909392,4223976499,2675184851,2509860981
dimwishlist:item=3998080529&perks=1840239774,2420895100,3017780555,4293542123,2509860981
dimwishlist:item=3998080529&perks=1840239774,2420895100,3017780555,2675184851,2509860981
dimwishlist:item=3998080529&perks=1840239774,2420895100,4223976499,4293542123,2509860981
dimwishlist:item=3998080529&perks=1840239774,2420895100,4223976499,2675184851,2509860981
dimwishlist:item=3998080529&perks=1840239774,3177308360,3017780555,4293542123,2509860981
dimwishlist:item=3998080529&perks=1840239774,3177308360,3017780555,2675184851,2509860981
dimwishlist:item=3998080529&perks=1840239774,3177308360,4223976499,4293542123,2509860981
dimwishlist:item=3998080529&perks=1840239774,3177308360,4223976499,2675184851,2509860981
dimwishlist:item=3998080529&perks=1840239774,1431678320,3017780555,4293542123,2509860981
dimwishlist:item=3998080529&perks=1840239774,1431678320,3017780555,2675184851,2509860981
dimwishlist:item=3998080529&perks=1840239774,1431678320,4223976499,4293542123,2509860981
dimwishlist:item=3998080529&perks=1840239774,1431678320,4223976499,2675184851,2509860981
dimwishlist:item=3998080529&perks=1840239774,3230963543,3017780555,4293542123,2509860981
dimwishlist:item=3998080529&perks=1840239774,3230963543,3017780555,2675184851,2509860981
dimwishlist:item=3998080529&perks=1840239774,3230963543,4223976499,4293542123,2509860981
dimwishlist:item=3998080529&perks=1840239774,3230963543,4223976499,2675184851,2509860981
dimwishlist:item=3998080529&perks=202670084,3142289711,3017780555,4293542123,2509860981
dimwishlist:item=3998080529&perks=202670084,3142289711,3017780555,2675184851,2509860981
dimwishlist:item=3998080529&perks=202670084,3142289711,4223976499,4293542123,2509860981
dimwishlist:item=3998080529&perks=202670084,3142289711,4223976499,2675184851,2509860981
dimwishlist:item=3998080529&perks=202670084,1087426260,3017780555,4293542123,2509860981
dimwishlist:item=3998080529&perks=202670084,1087426260,3017780555,2675184851,2509860981
dimwishlist:item=3998080529&perks=202670084,1087426260,4223976499,4293542123,2509860981
dimwishlist:item=3998080529&perks=202670084,1087426260,4223976499,2675184851,2509860981
dimwishlist:item=3998080529&perks=202670084,106909392,3017780555,4293542123,2509860981
dimwishlist:item=3998080529&perks=202670084,106909392,3017780555,2675184851,2509860981
dimwishlist:item=3998080529&perks=202670084,106909392,4223976499,4293542123,2509860981
dimwishlist:item=3998080529&perks=202670084,106909392,4223976499,2675184851,2509860981
dimwishlist:item=3998080529&perks=202670084,2420895100,3017780555,4293542123,2509860981
dimwishlist:item=3998080529&perks=202670084,2420895100,3017780555,2675184851,2509860981
dimwishlist:item=3998080529&perks=202670084,2420895100,4223976499,4293542123,2509860981
dimwishlist:item=3998080529&perks=202670084,2420895100,4223976499,2675184851,2509860981
dimwishlist:item=3998080529&perks=202670084,3177308360,3017780555,4293542123,2509860981
dimwishlist:item=3998080529&perks=202670084,3177308360,3017780555,2675184851,2509860981
dimwishlist:item=3998080529&perks=202670084,3177308360,4223976499,4293542123,2509860981
dimwishlist:item=3998080529&perks=202670084,3177308360,4223976499,2675184851,2509860981
dimwishlist:item=3998080529&perks=202670084,1431678320,3017780555,4293542123,2509860981
dimwishlist:item=3998080529&perks=202670084,1431678320,3017780555,2675184851,2509860981
dimwishlist:item=3998080529&perks=202670084,1431678320,4223976499,4293542123,2509860981
dimwishlist:item=3998080529&perks=202670084,1431678320,4223976499,2675184851,2509860981
dimwishlist:item=3998080529&perks=202670084,3230963543,3017780555,4293542123,2509860981
dimwishlist:item=3998080529&perks=202670084,3230963543,3017780555,2675184851,2509860981
dimwishlist:item=3998080529&perks=202670084,3230963543,4223976499,4293542123,2509860981
dimwishlist:item=3998080529&perks=202670084,3230963543,4223976499,2675184851,2509860981
dimwishlist:item=3998080529&perks=1392496348,3142289711,3017780555,4293542123,2509860981
dimwishlist:item=3998080529&perks=1392496348,3142289711,3017780555,2675184851,2509860981
dimwishlist:item=3998080529&perks=1392496348,3142289711,4223976499,4293542123,2509860981
dimwishlist:item=3998080529&perks=1392496348,3142289711,4223976499,2675184851,2509860981
dimwishlist:item=3998080529&perks=1392496348,1087426260,3017780555,4293542123,2509860981
dimwishlist:item=3998080529&perks=1392496348,1087426260,3017780555,2675184851,2509860981
dimwishlist:item=3998080529&perks=1392496348,1087426260,4223976499,4293542123,2509860981
dimwishlist:item=3998080529&perks=1392496348,1087426260,4223976499,2675184851,2509860981
dimwishlist:item=3998080529&perks=1392496348,106909392,3017780555,4293542123,2509860981
dimwishlist:item=3998080529&perks=1392496348,106909392,3017780555,2675184851,2509860981
dimwishlist:item=3998080529&perks=1392496348,106909392,4223976499,4293542123,2509860981
dimwishlist:item=3998080529&perks=1392496348,106909392,4223976499,2675184851,2509860981
dimwishlist:item=3998080529&perks=1392496348,2420895100,3017780555,4293542123,2509860981
dimwishlist:item=3998080529&perks=1392496348,2420895100,3017780555,2675184851,2509860981
dimwishlist:item=3998080529&perks=1392496348,2420895100,4223976499,4293542123,2509860981
dimwishlist:item=3998080529&perks=1392496348,2420895100,4223976499,2675184851,2509860981
dimwishlist:item=3998080529&perks=1392496348,3177308360,3017780555,4293542123,2509860981
dimwishlist:item=3998080529&perks=1392496348,3177308360,3017780555,2675184851,2509860981
dimwishlist:item=3998080529&perks=1392496348,3177308360,4223976499,4293542123,2509860981
dimwishlist:item=3998080529&perks=1392496348,3177308360,4223976499,2675184851,2509860981
dimwishlist:item=3998080529&perks=1392496348,1431678320,3017780555,4293542123,2509860981
dimwishlist:item=3998080529&perks=1392496348,1431678320,3017780555,2675184851,2509860981
dimwishlist:item=3998080529&perks=1392496348,1431678320,4223976499,4293542123,2509860981
dimwishlist:item=3998080529&perks=1392496348,1431678320,4223976499,2675184851,2509860981
dimwishlist:item=3998080529&perks=1392496348,3230963543,3017780555,4293542123,2509860981
dimwishlist:item=3998080529&perks=1392496348,3230963543,3017780555,2675184851,2509860981
dimwishlist:item=3998080529&perks=1392496348,3230963543,4223976499,4293542123,2509860981
dimwishlist:item=3998080529&perks=1392496348,3230963543,4223976499,2675184851,2509860981
dimwishlist:item=3998080529&perks=1482024992,3142289711,3017780555,4293542123,2509860981
dimwishlist:item=3998080529&perks=1482024992,3142289711,3017780555,2675184851,2509860981
dimwishlist:item=3998080529&perks=1482024992,3142289711,4223976499,4293542123,2509860981
dimwishlist:item=3998080529&perks=1482024992,3142289711,4223976499,2675184851,2509860981
dimwishlist:item=3998080529&perks=1482024992,1087426260,3017780555,4293542123,2509860981
dimwishlist:item=3998080529&perks=1482024992,1087426260,3017780555,2675184851,2509860981
dimwishlist:item=3998080529&perks=1482024992,1087426260,4223976499,4293542123,2509860981
dimwishlist:item=3998080529&perks=1482024992,1087426260,4223976499,2675184851,2509860981
dimwishlist:item=3998080529&perks=1482024992,106909392,3017780555,4293542123,2509860981
dimwishlist:item=3998080529&perks=1482024992,106909392,3017780555,2675184851,2509860981
dimwishlist:item=3998080529&perks=1482024992,106909392,4223976499,4293542123,2509860981
dimwishlist:item=3998080529&perks=1482024992,106909392,4223976499,2675184851,2509860981
dimwishlist:item=3998080529&perks=1482024992,2420895100,3017780555,4293542123,2509860981
dimwishlist:item=3998080529&perks=1482024992,2420895100,3017780555,2675184851,2509860981
dimwishlist:item=3998080529&perks=1482024992,2420895100,4223976499,4293542123,2509860981
dimwishlist:item=3998080529&perks=1482024992,2420895100,4223976499,2675184851,2509860981
dimwishlist:item=3998080529&perks=1482024992,3177308360,3017780555,4293542123,2509860981
dimwishlist:item=3998080529&perks=1482024992,3177308360,3017780555,2675184851,2509860981
dimwishlist:item=3998080529&perks=1482024992,3177308360,4223976499,4293542123,2509860981
dimwishlist:item=3998080529&perks=1482024992,3177308360,4223976499,2675184851,2509860981
dimwishlist:item=3998080529&perks=1482024992,1431678320,3017780555,4293542123,2509860981
dimwishlist:item=3998080529&perks=1482024992,1431678320,3017780555,2675184851,2509860981
dimwishlist:item=3998080529&perks=1482024992,1431678320,4223976499,4293542123,2509860981
dimwishlist:item=3998080529&perks=1482024992,1431678320,4223976499,2675184851,2509860981
dimwishlist:item=3998080529&perks=1482024992,3230963543,3017780555,4293542123,2509860981
dimwishlist:item=3998080529&perks=1482024992,3230963543,3017780555,2675184851,2509860981
dimwishlist:item=3998080529&perks=1482024992,3230963543,4223976499,4293542123,2509860981
dimwishlist:item=3998080529&perks=1482024992,3230963543,4223976499,2675184851,2509860981
dimwishlist:item=3998080529&perks=3250034553,3142289711,3017780555,4293542123,2509860981
dimwishlist:item=3998080529&perks=3250034553,3142289711,3017780555,2675184851,2509860981
dimwishlist:item=3998080529&perks=3250034553,3142289711,4223976499,4293542123,2509860981
dimwishlist:item=3998080529&perks=3250034553,3142289711,4223976499,2675184851,2509860981
dimwishlist:item=3998080529&perks=3250034553,1087426260,3017780555,4293542123,2509860981
dimwishlist:item=3998080529&perks=3250034553,1087426260,3017780555,2675184851,2509860981
dimwishlist:item=3998080529&perks=3250034553,1087426260,4223976499,4293542123,2509860981
dimwishlist:item=3998080529&perks=3250034553,1087426260,4223976499,2675184851,2509860981
dimwishlist:item=3998080529&perks=3250034553,106909392,3017780555,4293542123,2509860981
dimwishlist:item=3998080529&perks=3250034553,106909392,3017780555,2675184851,2509860981
dimwishlist:item=3998080529&perks=3250034553,106909392,4223976499,4293542123,2509860981
dimwishlist:item=3998080529&perks=3250034553,106909392,4223976499,2675184851,2509860981
dimwishlist:item=3998080529&perks=3250034553,2420895100,3017780555,4293542123,2509860981
dimwishlist:item=3998080529&perks=3250034553,2420895100,3017780555,2675184851,2509860981
dimwishlist:item=3998080529&perks=3250034553,2420895100,4223976499,4293542123,2509860981
dimwishlist:item=3998080529&perks=3250034553,2420895100,4223976499,2675184851,2509860981
dimwishlist:item=3998080529&perks=3250034553,3177308360,3017780555,4293542123,2509860981
dimwishlist:item=3998080529&perks=3250034553,3177308360,3017780555,2675184851,2509860981
dimwishlist:item=3998080529&perks=3250034553,3177308360,4223976499,4293542123,2509860981
dimwishlist:item=3998080529&perks=3250034553,3177308360,4223976499,2675184851,2509860981
dimwishlist:item=3998080529&perks=3250034553,1431678320,3017780555,4293542123,2509860981
dimwishlist:item=3998080529&perks=3250034553,1431678320,3017780555,2675184851,2509860981
dimwishlist:item=3998080529&perks=3250034553,1431678320,4223976499,4293542123,2509860981
dimwishlist:item=3998080529&perks=3250034553,1431678320,4223976499,2675184851,2509860981
dimwishlist:item=3998080529&perks=3250034553,3230963543,3017780555,4293542123,2509860981
dimwishlist:item=3998080529&perks=3250034553,3230963543,3017780555,2675184851,2509860981
dimwishlist:item=3998080529&perks=3250034553,3230963543,4223976499,4293542123,2509860981
dimwishlist:item=3998080529&perks=3250034553,3230963543,4223976499,2675184851,2509860981


